284
683
1539
2515
3128
3363
4551
6622
6798
7128
9685
9809
9851
10221
10795
10907
10959
11404
13882
15354
15478
15536
15590
15620
15628
16916
17696
18130
18244
18386
18809
19173
19376
20189
20666
21618
22323
22887
23418
23539
23688
25336
26047
26107
26113
26529
26812
27198
27977
29369
29853
30173
30416
30498
32510
33303
35693
35792
36516
36649
37013
37297
38436
38492
38524
39798
41677
41850
41940
42228
42483
42974
44145
45023
45853
46816
47763
49853
50111
50646
50871
52974
53955
54828
55580
57199
57423
57671
58525
62184
62336
64087
66515
66915
68094
69074
72604
72928
75849
76842
77148
77552
77766
78041
78865
79763
80027
82920
84457
84685
85359
85522
85644
85679
85913
88403
88462
89054
90143
90206
90838
92433
92932
93702
93876
94399
94863
95122
95270
95403
96500
98361
98713
98884
100115
100367
102187
102963
105739
105948
109292
110603
111374
111411
113816
114442
118411
118471
121089
122978
126747
126853
128316
129600
130387
131485
133842
134427
134930
135107
135236
137014
139895
140303
140408
143275
143337
145215
145377
145950
146652
146681
146738
151190
151327
155911
157360
158057
158945
160245
161450
161971
162960
164101
164620
168293
168889
169745
170056
170406
170470
172516
172865
174401
175865
177646
179165
179534
179970
179984
182646
182704
184886
190557
191055
191256
191508
192893
195534
195760
195776
196333
196518
204355
205648
206938
207681
209296
209891
211135
214621
216389
216565
219881
220473
221110
222660
223031
223292
223368
223677
228708
232390
233006
233411
236278
237034
240670
242515
244180
244621
246340
246401
249430
253591
256715
258397
265302
267885
271478
273871
275210
276377
282422
286151
289003
289227
291385
291737
294260
300285
305394
305585
306988
309008
309431
309959
311958
312188
312622
312897
312949
313065
315171
315205
315847
315968
316041
317234
317472
317484
317987
318018
318911
319351
319598
319792
319933
320642
320929
321320
321348
321412
321631
322059
322143
322620
322783
322871
322877
323012
323255
323508
324197
324360
324426
324682
325033
325642
325964
327121
327186
327234
328527
329187
329480
329553
329632
329715
329915
330296
330339
330409
330537
330715
330794
331062
331290
331509
331634
331755
331900
332158
332246
332575
332683
332834
332906
332943
332944
333055
333467
333704
334060
334082
334175
334382
334501
334816
334831
335313
335330
335431
335656
335695
335810
335818
336272
336320
336922
337472
337831
337844
337980
338032
338057
338130
338301
338352
338589
338671
338906
339054
339611
339694
339765
339791
339808
340138
340508
340547
340661
340873
341043
341279
341428
341528
341553
341749
342423
342574
342895
342930
342948
343255
343316
343800
344215
344858
345138
345231
345607
346105
346483
346673
347117
347534
348334
348702
351074
351105
351357
351365
351735
351750
352631
352995
353721
354249
355087
355646
356098
356573
356594
356656
356823
356948
357047
358259
358455
358527
358831
359094
359544
359679
359853
360455
360696
361233
361438
361557
362226
362438
362477
362600
362697
362743
363254
363420
363885
364265
364560
365718
366079
366122
366177
366297
366547
366794
366797
367082
367113
367173
367197
367212
367274
367442
367522
367850
367928
368418
368506
368611
368613
368634
368983
369035
369065
369075
369189
369190
369197
369440
369500
369540
369557
369587
369962
370183
370283
370332
370414
370486
370586
370921
370947
371347
371364
371598
371770
371859
371865
372078
373127
373141
373177
373434
373580
374046
374613
374710
374850
374951
375224
375279
375380
375480
375541
376087
376430
376493
376724
376784
378821
379084
379491
379619
379668
380282
380588
381007
381172
381543
381579
381655
381709
381723
382822
383083
383600
383877
383910
384127
384255
384437
384627
384646
384740
384768
385010
385172
385192
385350
385366
385541
385705
385740
386034
386115
386742
386807
387267
387353
387450
387622
387675
388115
388213
388391
388406
388426
389286
389438
389570
389651
389898
390049
390247
390294
390474
390528
390820
390821
390955
391243
391279
391306
391395
391715
392116
392464
392488
392603
392622
392747
392822
392909
393007
393014
393200
393303
393455
393568
393584
393649
393775
393820
393932
393993
394042
394185
394287
394498
394636
394687
394808
394820
394980
395238
395290
395704
395793
395957
396006
396021
396159
396346
396360
396423
396565
396601
396729
396965
397117
397254
397353
397462
397472
397509
397564
397640
397644
397658
397676
397993
398155
398533
398546
398623
398747
398832
398847
399130
399181
399283
399290
399304
399348
399507
399547
399568
399727
399969
400001
400159
400170
400252
400259
400408
400449
400489
400689
400715
400919
401121
401213
401375
401381
401454
401510
401593
401729
401875
402025
402082
402204
402228
402944
403462
403812
403932
405948
406714
406841
406938
407382
407653
407762
407872
407946
407974
408835
408950
409185
409240
410116
410206
410656
410951
411203
411611
411666
411785
411870
412379
412591
413388
413880
415145
415537
416141
416286
416418
416967
417065
417326
417810
418400
418694
418701
419625
419722
420189
420368
420571
420986
421184
421280
422392
422735
422814
422841
422912
423175
423424
423752
423897
424327
424402
424549
424622
424665
425180
425204
425794
425884
426377
426595
426671
426929
426973
427161
427538
427695
427788
428094
428137
428781
428871
429114
429121
429163
429319
429698
429703
429841
429846
430013
430072
430085
430220
430336
430465
430469
430529
430555
430603
430647
430733
430833
431189
431391
431392
432087
432329
432453
433096
433375
433592
433603
433916
433952
433955
434089
434239
434523
434552
434629
434754
434885
434924
435007
435106
435690
435750
435831
436085
436150
436461
436834
436860
437197
437530
437675
437812
438422
440079
440261
441199
441398
441585
441828
442161
442188
442625
443130
444027
445251
445432
445585
446036
446124
446275
447232
447390
447453
447732
448130
448260
449635
449770
449824
449916
449918
450126
450222
450439
450933
451233
451250
451750
451806
452103
452497
452662
452695
452954
453005
453102
453536
453542
453859
454605
454833
454872
454924
455063
455191
455381
455538
455682
455857
456130
456248
456732
457369
457844
458457
458635
458769
458871
459214
459236
459358
459662
459787
459798
459934
459966
460262
460602
460716
460816
461075
461143
461144
461348
461350
461492
461651
461985
462087
462168
462180
462308
462465
462488
462649
462735
463313
463663
463687
464133
464142
464369
465064
465075
465763
466183
466713
467058
467910
468090
468301
468493
468503
468780
469271
469494
470044
470809
471065
471392
472189
472429
472795
472989
473128
473205
473206
473212
473350
473943
473986
474309
474809
475197
475834
475888
476022
476068
476082
476206
476208
476965
476967
477019
477020
477581
477662
477666
477720
477786
478179
478397
478534
478547
478729
478803
479141
479167
479325
479540
479662
479697
480263
480327
480633
480708
480802
481234
481386
481863
482167
482715
482745
482963
483014
483221
483607
483720
484131
484226
484371
484758
484783
485205
485281
485538
485557
485580
485932
486031
486128
486184
486190
486401
486403
487457
487522
487535
487689
487831
487919
488041
488067
488198
488281
488366
488454
488480
488494
488682
488958
489122
489652
490967
491199
491700
491815
492071
492155
493312
494203
494869
495090
495917
496070
496787
497644
497895
497905
498457
499494
499624
499742
500000
500141
500382
500468
501030
501569
501659
501921
501965
501967
501979
502052
502276
502430
502439
502810
503559
503946
504624
504650
504680
504917
505098
505534
505573
505899
505997
506155
506272
506604
506618
506811
507001
507214
507401
507833
507978
508059
508088
508827
508916
509154
509485
510117
510508
510895
512155
512310
512729
512894
512985
513076
513607
513778
513985
514016
514437
514499
514524
514706
514924
515029
515360
515495
515496
515686
515824
515873
516390
516476
516521
516693
516809
517039
517142
517340
517383
517445
517675
518114
518602
518671
518741
518969
519098
519163
519228
519321
519463
519510
519645
519708
519778
520035
520097
520165
520248
520277
520533
520606
520840
521211
521272
521324
521351
521491
521541
521765
521786
521810
521965
522189
522209
522305
522315
522352
522421
522512
522514
522580
522708
522909
523038
523736
523783
524013
524083
524286
524308
524445
524536
524772
524790
524860
525095
525543
525967
526035
526057
526158
526223
526280
526339
526711
526721
526860
527068
527090
527222
527583
527605
527615
527871
527935
527964
527977
528389
528518
528579
528912
529183
529259
529570
529654
529950
530011
530025
530450
530666
530761
530802
530996
531027
531046
531107
531119
531214
531442
531961
532075
532246
532260
532476
532488
532610
534372
534488
535032
535073
535316
536114
536162
536540
536810
536828
537063
537159
537559
537579
537663
537966
538129
538278
538343
538345
538456
539099
539403
539424
539431
539568
539704
539753
539935
540026
540094
540133
540213
540314
540524
540594
540818
540835
540844
540866
540958
541024
541110
541263
541611
542031
542038
542487
543043
543165
543439
544840
545039
545790
546775
547097
548485
548689
549223
549399
549596
550416
550447
550539
550561
550813
550867
551164
551970
551991
552284
553318
553450
553581
553781
553840
554021
554418
554666
554721
554967
555185
555323
555487
555932
556055
556197
556674
556860
557049
557277
557440
557761
557792
558035
558157
558399
558576
558768
559010
559127
559258
559288
559548
559605
560128
560356
560566
560893
561461
562202
562272
562643
562749
562845
563022
563176
563311
563682
563730
563906
564033
564238
564337
564398
564662
565030
565039
565355
565360
565777
566421
566521
566646
566765
566911
567011
567014
567020
567051
567204
567614
567680
567765
567766
567856
567930
567934
567983
568021
568078
568300
568624
568675
569087
569232
569366
569412
569830
570606
571525
571768
571776
571930
572502
572814
573158
573334
573527
573567
574002
574088
574146
574329
574378
574730
574743
575010
575170
575293
575294
575389
575445
576152
576317
576320
576354
576555
576822
576946
577307
577390
577679
578054
578420
578467
578783
578801
579462
579684
580042
580083
580217
580238
580303
580610
580681
580710
581063
581220
581361
581403
581767
582086
582169
582187
582422
582661
582688
582788
582828
583074
583210
583343
583415
583449
583828
584224
584506
584577
584780
584878
585154
585174
585522
585738
585894
585944
585955
585956
585993
586281
586315
586622
586660
586699
586701
586749
586915
587597
587679
587688
587798
587800
587881
587906
588042
588273
588310
588442
588541
588600
588982
589364
589460
589490
589665
590025
590111
590176
590300
590379
590382
590461
590571
590731
590752
590957
591116
591628
591630
591741
592095
592144
592170
592552
592681
592723
592727
592858
592991
593006
593094
593411
593448
593507
593537
593670
593712
593718
593955
593997
594009
594152
594240
594329
594669
594681
594874
594945
595020
595191
595372
595552
595657
595678
595717
595940
595947
596351
596655
596721
596846
596872
597382
597560
597794
597798
597906
597908
597955
598022
598220
598251
598368
598525
598710
598927
599027
599038
599051
599251
599494
599653
599840
599893
600076
600077
600127
600282
600354
600449
600501
600527
600611
600639
600659
600839
600893
600954
600967
601019
601077
601082
601192
601204
601245
601363
601459
601522
601545
601786
601799
601897
601940
601954
602082
602235
602261
602275
602337
602529
602559
602713
602923
602947
602960
603046
603067
603079
603130
603219
603263
603366
603695
603782
603807
603991
604564
605170
605192
606759
607073
607366
607387
607412
607846
608337
609278
609636
610813
611100
612697
613590
614774
615242
615286
615596
616010
616396
616605
616857
618101
618727
618945
619091
619311
619916
620415
620490
620670
620815
621426
621508
621886
621927
622193
622674
622727
622816
622970
623203
623734
624102
624188
625083
625138
625233
625594
625615
626350
626547
626607
626876
627196
627456
627468
627783
627974
628294
628536
628895
629568
630217
630735
630751
630915
630942
631022
631045
631366
631393
631748
631847
632356
632422
632507
633241
633624
633669
633681
634157
634777
635012
635457
635622
635676
635795
636182
636237
636446
636557
636822
636831
637266
637567
637639
637760
638806
638808
638968
639167
639991
640239
640743
640804
640959
640967
641065
641254
641334
641809
642010
642066
642273
642438
642797
642902
642927
642984
643007
643178
643218
643372
643489
643564
643932
644118
644298
644712
644772
644926
645204
645523
645549
645702
645715
646183
646270
646721
646742
647074
647199
648447
648454
649145
649283
649483
649486
649635
649834
649923
649952
650298
650356
650912
651960
652090
652103
652197
652312
652604
652683
653119
653338
653411
653643
653750
653757
654003
654231
654258
654270
654303
654425
654443
654513
655310
655479
655936
656273
656544
656569
656811
657008
657039
657347
657624
657653
657671
657882
658157
658171
658226
658250
658564
658567
658752
658937
659180
659399
659452
659503
659667
659842
660400
660422
660594
660978
661015
661345
661401
661514
661678
662082
662175
662194
662284
662811
662971
663131
663144
663220
663416
663582
664184
664316
664396
664544
664647
664761
664909
665168
665195
665231
665304
665387
665513
665566
665569
665592
665936
666200
666325
666481
666659
666720
666839
667018
667152
667216
667391
667653
667786
668161
668222
668397
668655
668754
668827
669357
669519
669738
669884
669905
670407
670592
670820
670960
671377
671990
672490
672525
672534
672755
673064
673166
673184
673507
673781
674027
674083
674735
674755
674856
675303
675334
675405
675649
675671
675916
676034
676120
676457
676775
677209
677470
677610
678049
678637
679227
679466
679781
679935
681134
681427
681837
681881
682047
682060
682227
682324
682516
682780
682875
683013
683547
683661
683824
683942
683952
684029
684270
684310
684503
684821
684868
685069
685132
685245
685406
685617
685930
686005
686096
686106
686151
686267
686271
686357
686444
686752
687477
687522
687601
687640
687872
687906
687983
687999
688043
688048
688188
688420
688839
688925
689303
689374
689375
689653
689752
690163
690452
690506
690687
690871
691115
692113
692227
692381
692825
693058
693093
693124
693288
693501
693579
693584
693648
693686
693911
694256
694487
694501
694639
694927
695125
695147
695333
695453
695848
695892
695923
696008
696017
696147
696302
696604
696610
696615
696642
696790
696924
696928
696957
697008
697075
697760
698115
698123
698348
698351
698479
698497
698728
698906
699101
699108
699187
699320
699538
699597
699690
699723
699846
699864
699909
699971
700006
700337
700411
700731
700747
700988
701232
701275
701596
701676
701735
701926
702099
702260
702379
702471
702633
702670
702706
703466
703568
703723
703729
703793
703798
703819
704062
704149
704170
704180
704484
704596
704919
704937
705198
705717
705860
706075
706142
706573
706636
706899
706963
706988
707260
707265
707392
707611
707647
707833
708287
708462
708482
708484
709264
710196
710392
710811
711141
711181
712601
712645
712728
712742
713573
714253
714321
715151
715299
715432
715545
715668
715943
716383
716413
716888
717098
717125
717496
717761
717863
718241
718587
719149
719163
719456
719640
719743
719777
719922
720145
720254
720428
721304
721408
723148
723186
724164
724582
724778
724940
724990
725398
725575
726009
726076
726722
726946
727020
727379
728001
728601
728701
728827
728896
729081
729119
729876
730034
730347
730382
730569
730926
730972
731512
731519
731761
731859
731911
733095
733896
734112
734621
735005
735234
735384
735628
736390
736785
736890
737020
737530
737908
737940
739023
739047
739567
739766
740045
740773
740960
741040
741328
741867
741979
741989
742604
743277
743281
744001
744221
744621
744803
744920
744995
745141
745257
745288
745508
745665
745696
746140
746258
746307
746411
747133
747222
747530
747745
747826
748094
748240
748314
748340
748435
748618
748885
749006
749477
749711
749995
750089
750374
750391
750467
750674
750730
751082
751145
751227
751465
751466
751626
752138
752544
753276
753340
753377
754173
755291
755404
755916
756570
758078
758800
759642
759691
760190
760551
760865
761007
761111
761271
761604
761626
761641
762244
762382
762586
762605
764140
764483
764835
764979
765032
765289
765303
765591
765680
765744
766165
766346
766533
766615
766903
767037
767163
767318
767335
767582
767682
768064
768265
768687
769335
769436
769577
769950
769970
770061
770431
770435
770566
771018
771221
771577
771609
772339
772408
772471
772628
772711
772728
773517
773593
773872
774621
774681
774833
775364
776333
776482
776814
776886
777007
777086
777132
778245
778336
778347
778594
778682
778745
779091
779113
779126
779198
779430
780311
780371
780846
781132
781908
782047
782271
782693
782816
783232
783613
783668
783805
784235
784437
784446
784593
784773
785347
785367
785397
785696
785738
786252
786716
786828
787000
787099
788001
788147
788543
788883
789625
789779
789994
790102
790297
790431
790452
790680
791033
791214
791338
791378
791466
791582
791965
792207
792514
792714
792861
793026
793035
793750
793844
794080
794475
794639
794730
794814
795110
795420
795482
795485
795615
796051
796141
796167
796182
796484
796619
796720
796815
796847
797090
797092
797202
797495
797747
797749
798116
798132
798242
798485
798577
798582
798584
799000
799163
799203
799254
799274
799468
799505
799555
799696
799702
799734
799788
799829
799865
799938
800229
800244
800305
800470
801157
801198
801401
801408
801853
801940
801973
802338
802522
802691
803158
803426
803448
803523
803583
804009
804358
804574
805050
805310
805311
805548
806360
806444
806474
806550
807163
807288
807737
807756
808086
808161
808175
808600
808706
808860
809163
809563
810088
810220
810626
810642
810917
810970
811037
811082
811316
811475
811510
811809
812021
812171
812600
812683
812912
812990
813555
813671
813808
813850
814057
814148
814321
814508
814612
814708
814761
814778
814875
815488
815655
815686
815780
816234
816521
816664
816990
817183
817194
817357
817690
817932
818301
818349
818536
818714
818864
818916
818926
818982
819043
819206
819293
819381
819594
820023
820382
820394
820429
820559
820699
820762
820823
821009
821056
821208
821578
821639
821734
821790
821799
822191
822200
822274
822418
822730
822748
822791
822916
823240
823244
823338
823713
823740
823842
824060
824172
824553
824561
824632
824820
824858
824910
825021
825064
825352
825397
825452
825527
826186
826277
826315
826333
826422
826643
826706
827115
827192
827950
828168
828431
828626
828826
829291
829606
829655
829988
830232
830420
830460
830640
831020
831299
831449
831473
831576
831586
831631
831704
832111
832141
832257
832265
832635
832734
832767
832776
833308
833388
833408
833575
833638
833704
834019
834557
834763
834825
834836
834841
834911
835051
835085
835141
835521
835527
835554
835879
835984
836562
836605
836627
836771
836917
836967
837379
837416
837452
837463
837966
838752
839065
839153
839336
840963
841080
842118
843885
844099
844473
844971
845737
845876
846141
846148
846424
846503
846639
846916
847151
847236
847329
847597
847616
847679
848071
848335
848535
848624
850102
850273
850358
850501
850830
851138
851160
851433
852136
852386
852591
853339
854059
854073
854385
854390
855637
856280
856389
857085
857166
857759
858007
858033
858912
858927
859065
859132
859189
859626
860009
860065
860327
860466
860655
861040
861088
861196
861374
862034
862082
862328
862981
863614
863695
863743
863764
864253
864297
864690
865383
865400
865511
865733
865748
865904
865925
867942
869086
870335
870568
871066
871279
871388
871389
871396
871914
872180
872186
872263
872516
872888
873294
873446
873506
873570
873766
873881
873937
873967
874909
875058
875444
875622
875723
876269
876300
876430
876704
876829
877756
877767
877926
878270
878296
878323
878325
878514
878744
878808
878857
879047
879339
879483
879627
879845
879871
879899
880078
880503
880535
880571
880607
880620
880880
881604
881668
881840
882105
882295
882309
882334
882421
882504
882938
883013
883806
883936
883998
884221
884235
884925
885042
885068
885437
885486
885563
885640
885773
885854
886108
886434
886538
886547
886981
887312
887450
887594
887695
887785
888199
888342
888374
888485
888747
889017
889121
889145
889699
889976
890075
890119
890126
890594
890972
891064
891123
891142
891287
891331
891457
891484
891833
891872
892051
892808
893363
894104
894273
894908
895387
895654
895681
896465
896776
897568
898127
898286
898361
898434
898528
898858
899258
899588
899698
899869
900182
901213
901630
901985
902463
902468
902890
903154
903234
903607
903768
903991
904184
904265
904371
904387
904740
904998
905544
905673
905683
905689
905761
906143
906399
906865
907051
907175
907270
907540
907653
907656
908025
908038
908131
908396
908609
908663
909518
909519
909667
909673
909778
910372
910526
910529
911236
911543
911579
911667
911880
912151
912159
912306
913061
913573
914876
914950
915342
915623
915898
916149
917014
917500
917521
917561
917884
918191
918216
918733
918769
919002
919391
919449
919660
919794
920331
920778
920809
920954
921126
921176
921653
921992
922047
922403
922698
922820
922979
923064
923157
923195
923609
924177
924566
924609
925094
925372
925858
925859
926621
926726
926966
927210
927346
927485
927711
928446
928880
929164
929341
929819
929877
930230
931087
931726
932309
932396
933787
933811
933880
934034
934040
934174
934573
934793
934865
935184
935548
935764
935794
935897
936027
936379
936536
936796
937230
937233
937889
937942
938229
938702
938717
939129
939955
939963
940136
940655
940730
940779
940818
941322
941392
941479
941490
942098
942139
942246
942772
943031
943348
943570
944092
944467
944549
944765
944877
945111
945131
945528
945625
945992
946943
947168
947378
947807
948245
948588
948632
948765
948837
948956
949090
949280
949635
949728
949744
949856
949857
950127
950483
950607
950842
950995
951066
951118
951566
951912
952586
952823
952941
953526
953575
953623
953688
953841
954117
954292
954671
954689
954784
954907
955043
955082
955420
955502
955546
955607
955898
956142
956158
956536
956603
956776
957598
957729
958094
958369
958384
958401
958494
958549
958924
959036
959059
959827
959893
960083
960164
960255
960680
960725
961006
961105
961354
961367
961389
961427
961970
962244
962583
962591
962659
963091
963134
963273
963890
963934
964047
964336
964355
964521
964753
964957
964978
965096
965205
965334
965358
965455
965511
965620
966756
966934
966974
968256
969218
969670
969671
969791
970297
970311
970443
970626
971045
971053
972325
974628
975054
975461
976451
976552
977346
977421
977911
977945
978809
980406
980915
980942
982247
982597
982639
983150
983422
983738
984037
986010
986438
986629
986701
986893
987208
987213
987673
987813
988596
989055
989101
989659
989710
990060
990212
990434
990570
990651
990774
990993
991117
991192
991397
991748
993007
993130
993282
993346
993354
993771
993916
994220
994995
995499
996199
996238
997150
997335
997367
997634
998383
998861
998955
999696
999730
999773
1000120
1000210
1000910
1001003
1001270
1001450
1001633
1001697
1001797
1001870
1001946
1002060
1002276
1002910
1002967
1003120
1003183
1003388
1003491
1003688
1003733
1003795
1004250
1004364
1004708
1004862
1004966
1005131
1005220
1005259
1005341
1005349
1006202
1006376
1006428
1006638
1006719
1006793
1006880
1006904
1007088
1007294
1007710
1007797
1007871
1007954
1008041
1008469
1008483
1008539
1009197
1009307
1009453
1009545
1009698
1009879
1010003
1010436
1010740
1011441
1011499
1011955
1012175
1012670
1013094
1013209
1013753
1014230
1014235
1014742
1014855
1014896
1014929
1015146
1015380
1015453
1016044
1016086
1016589
1017113
1017205
1017385
1018439
1018841
1018956
1019061
1019926
1021046
1021424
1021547
1021586
1023171
1023627
1023712
1024319
1024522
1024834
1025432
1026524
1026640
1026923
1026975
1027568
1027879
1028181
1028386
1029192
1029393
1029687
1029855
1030403
1030484
1030606
1030689
1030855
1030968
1031132
1031196
1031225
1031384
1031717
1031737
1031956
1031976
1032018
1032443
1032446
1032469
1032853
1032903
1033224
1033321
1033564
1033597
1033707
1033820
1033910
1033998
1034084
1034240
1034621
1035684
1036463
1036638
1036659
1036904
1036942
1037041
1037262
1037894
1037949
1038521
1038815
1038914
1039005
1039034
1039479
1040028
1040667
1040925
1040936
1041302
1041535
1041588
1042064
1042299
1042382
1042390
1042445
1042602
1042810
1042830
1042831
1043100
1043206
1043358
1043368
1043597
1043992
1044065
1044253
1044443
1044843
1044937
1045115
1045145
1045233
1045325
1045334
1045367
1045487
1045717
1045897
1046004
1046350
1046437
1047155
1047182
1047479
1047585
1047680
1047822
1047898
1048056
1048136
1048280
1048809
1048810
1049124
1049161
1049234
1049237
1049388
1049718
1049753
1049875
1049961
1050166
1050425
1050541
1050747
1050777
1050934
1051239
1051350
1051443
1051680
1051709
1052368
1052865
1052871
1053561
1053663
1053887
1053902
1054188
1054391
1054463
1054600
1054858
1055209
1055359
1055377
1055716
1056075
1056231
1057078
1057904
1058236
1058793
1059120
1059382
1060079
1060197
1060608
1061882
1062162
1063570
1063863
1064378
1064636
1065351
1065831
1066371
1066850
1067097
1067302
1067591
1067950
1068014
1068661
1068995
1069160
1069373
1069691
1070122
1070571
1070599
1070644
1071097
1071436
1071778
1071861
1071913
1072104
1072132
1072693
1072793
1072838
1073401
1073533
1073582
1073843
1074408
1074579
1074875
1075247
1075938
1076129
1076448
1076585
1076616
1076913
1077027
1077220
1077278
1077337
1077342
1077425
1077436
1077763
1077918
1078418
1078753
1078778
1078816
1079348
1079365
1079641
1079845
1080299
1081038
1081147
1081184
1081367
1081707
1081714
1081909
1082312
1082592
1082617
1082619
1083153
1083252
1083575
1083903
1083971
1084029
1084129
1084937
1085057
1085696
1085763
1085920
1085939
1085964
1085977
1086013
1086136
1086401
1086433
1086550
1086779
1086781
1086802
1086808
1086869
1087040
1087187
1087719
1087724
1087944
1088081
1088281
1088343
1088562
1088748
1088815
1088901
1089285
1089390
1089473
1089480
1089528
1090060
1090751
1091055
1091426
1091520
1092125
1092378
1092497
1092942
1092986
1093003
1093054
1093078
1093132
1093279
1093433
1093502
1093534
1093556
1093656
1093757
1093865
1094243
1094308
1094364
1094617
1094992
1094999
1095232
1095443
1095578
1095747
1095797
1096452
1096481
1096494
1096500
1096538
1096661
1096688
1096789
1096946
1097542
1097705
1097749
1097813
1097880
1097929
1097999
1098108
1098287
1098440
1098634
1098657
1098672
1098695
1098838
1099253
1099284
1099437
1099627
1099658
1099773
1099792
1100142
1100171
1100403
1100524
1100668
1100901
1101035
1101402
1101498
1101618
1101840
1102151
1102338
1102417
1102585
1102718
1102780
1102814
1102907
1103239
1103641
1104677
1104824
1105069
1105125
1105248
1105259
1105373
1105497
1105566
1105647
1105762
1105823
1106055
1106315
1106739
1106837
1106949
1107210
1107639
1107857
1108111
1108498
1108592
1108634
1108791
1108934
1109037
1109140
1109192
1109577
1109806
1110166
1110206
1110556
1110968
1111220
1111332
1111570
1111687
1111780
1111781
1112155
1112633
1113160
1113313
1114366
1114736
1115001
1116202
1116782
1116893
1117125
1117927
1118264
1118327
1118505
1118564
1118637
1118640
1118755
1118941
1118964
1118976
1119162
1119685
1119882
1121687
1123186
1123495
1123536
1123559
1123603
1123716
1123900
1123943
1124281
1124539
1124725
1125088
1125324
1125442
1125533
1125647
1125850
1126675
1126843
1127185
1127398
1127596
1127625
1127701
1127889
1128331
1129344
1129898
1130393
1130412
1130415
1130444
1130725
1132332
1132782
1133378
1134200
1134241
1134274
1134299
1134968
1134998
1135648
1135722
1135827
1135923
1136188
1136290
1136470
1136515
1136869
1137129
1137424
1137642
1137805
1137920
1137924
1138324
1138369
1138435
1138595
1138818
1138824
1139202
1139945
1139986
1140753
1140964
1140991
1141047
1141074
1141172
1141257
1141383
1141476
1141634
1141778
1141812
1141830
1141937
1141977
1142092
1142134
1142583
1142606
1142712
1142863
1142874
1143067
1143070
1143105
1143296
1143558
1143837
1144063
1144123
1144208
1144341
1144412
1144752
1144838
1144898
1145390
1145559
1145766
1145842
1145863
1145902
1145912
1146141
1146142
1146225
1146237
1146307
1146518
1147111
1147236
1147307
1147512
1147673
1148041
1148352
1148387
1148408
1148427
1148787
1148893
1148904
1149426
1149546
1149857
1150587
1150681
1151444
1151888
1152125
1152825
1153349
1153563
1154102
1154115
1154791
1155379
1155557
1155859
1156018
1156361
1156956
1157299
1157339
1157418
1157592
1158069
1158297
1158643
1158743
1158767
1159074
1159214
1159261
1159673
1159829
1160164
1160274
1160382
1160384
1161194
1161795
1162297
1162936
1162953
1162969
1163086
1163253
1163705
1164203
1164545
1164951
1164955
1165006
1165328
1165539
1165689
1166061
1166195
1166314
1166412
1166529
1166883
1166896
1167200
1167384
1167948
1168068
1168316
1168709
1169085
1169461
1169845
1169899
1169942
1170101
1170239
1170512
1170585
1170740
1170885
1170894
1171269
1171415
1171497
1171557
1171606
1171893
1172020
1172154
1172606
1172700
1172710
1172741
1172975
1173089
1173260
1173314
1173392
1173711
1173736
1173790
1173798
1173801
1173853
1174171
1174287
1174317
1174412
1174524
1174842
1174914
1175092
1175347
1175415
1175439
1175547
1175634
1175655
1176039
1176153
1176188
1176203
1176407
1177081
1177874
1177890
1177988
1178437
1178463
1178541
1179043
1179134
1179167
1179424
1179445
1179545
1179551
1179558
1179704
1179889
1179890
1180072
1180085
1181159
1181204
1181334
1181360
1181468
1181571
1181579
1181883
1181979
1182154
1182333
1182350
1182890
1183100
1183111
1183534
1183828
1183830
1184329
1184412
1184739
1185117
1185210
1185416
1185573
1185713
1185809
1185830
1186033
1186370
1186469
1186663
1186686
1186731
1186960
1187037
1187072
1187094
1187371
1187539
1187589
1187699
1187753
1187826
1188195
1188329
1188469
1188511
1188774
1188803
1188901
1190092
1190486
1190500
1190588
1191395
1191918
1192058
1192168
1192401
1192671
1192706
1192795
1192797
1193376
1193715
1193737
1193746
1193752
1194170
1194283
1194441
1194664
1195054
1195303
1195613
1195622
1196053
1196215
1196377
1196427
1196515
1197313
1197538
1197839
1198242
1198279
1198293
1198338
1198361
1199113
1199151
1199434
1199578
1200068
1200128
1200150
1200172
1200646
1200850
1202088
1202247
1202582
1202625
1202772
1203000
1203320
1203452
1203873
1203878
1203960
1203995
1204788
1205066
1205575
1205580
1205672
1205938
1205952
1206070
1206307
1206559
1206691
1206863
1206974
1207036
1207192
1207295
1207411
1207446
1207458
1207656
1207705
1207804
1208240
1208391
1208988
1209087
1209134
1209776
1209915
1209963
1210081
1210183
1210448
1210578
1210765
1210790
1211195
1211201
1211251
1211333
1211350
1211375
1211509
1211811
1212082
1212084
1212448
1212877
1213226
1213610
1213704
1213961
1214354
1214393
1214555
1214559
1214626
1214724
1214837
1214865
1215043
1215071
1215087
1215263
1215468
1215518
1215555
1215620
1215803
1215953
1216212
1216583
1216613
1216666
1216855
1216901
1217115
1217165
1217232
1217240
1217368
1217448
1217487
1217593
1217632
1217862
1217924
1218061
1218129
1218246
1218427
1218504
1218639
1218730
1218745
1218753
1218785
1218894
1219225
1219353
1219509
1219520
1219577
1219608
1219626
1219793
1219895
1219954
1220246
1220450
1220551
1220632
1220649
1220685
1220765
1220813
1220833
1220862
1221188
1221784
1221925
1221927
1222064
1222233
1222242
1222324
1222381
1222477
1222678
1222713
1222897
1222968
1223145
1223166
1223218
1223571
1223707
1223859
1223902
1224380
1224442
1224505
1224831
1224858
1224895
1224991
1225082
1225488
1225623
1225650
1225801
1225852
1226025
1226075
1226302
1226356
1226422
1226443
1226652
1226687
1226876
1227296
1227444
1227582
1227666
1227948
1228008
1228264
1228315
1228339
1228590
1228760
1228857
1229056
1229214
1230695
1231058
1231308
1231414
1231451
1231882
1232212
1232519
1232702
1232941
1233009
1233132
1233157
1233326
1234351
1234867
1234953
1235773
1236273
1236907
1237607
1237611
1237722
1238246
1238343
1238665
1238690
1239072
1239438
1240183
1240543
1240707
1240928
1241187
1241816
1242258
1242266
1242686
1242842
1242995
1243004
1243410
1243486
1243697
1243708
1244100
1244143
1244246
1244869
1245036
1245188
1245399
1245446
1245467
1245540
1246184
1246312
1246407
1246688
1246838
1247003
1247237
1247256
1247418
1247583
1247631
1247693
1248019
1248572
1248942
1249073
1249316
1249969
1250423
1251139
1251187
1251531
1251636
1251637
1251945
1252004
1252096
1252424
1252565
1252641
1252716
1252863
1252907
1253029
1253093
1253144
1253341
1253367
1253523
1253612
1253891
1253915
1254061
1254772
1254859
1255497
1256256
1256604
1257176
1257208
1257258
1257565
1257627
1257676
1257968
1258056
1258168
1258290
1258435
1258479
1258637
1258783
1258796
1258813
1258986
1259248
1259345
1259551
1259564
1259774
1259902
1259965
1260025
1260041
1260338
1260345
1260616
1260688
1261271
1261416
1262028
1262317
1262324
1262461
1262990
1263442
1263458
1263646
1263688
1263844
1265098
1265134
1265333
1265480
1265523
1265572
1265728
1265752
1266299
1266342
1266595
1266605
1266624
1266852
1267307
1267469
1267505
1267622
1267629
1267731
1267833
1267924
1267966
1268088
1268099
1268734
1268797
1269104
1269110
1269711
1269960
1270047
1270104
1270354
1270427
1270509
1270632
1270756
1271211
1271297
1271491
1271496
1271534
1271601
1271789
1271869
1271985
1272072
1272281
1272569
1272679
1272760
1273173
1273177
1273533
1274613
1275092
1275166
1275168
1275626
1276253
1276645
1276676
1277325
1277495
1278696
1279147
1280645
1280652
1280881
1283235
1283800
1284045
1284535
1285127
1285952
1286184
1286579
1286749
1286903
1287954
1288260
1288301
1288313
1288475
1288878
1289425
1289480
1289573
1289586
1289869
1289914
1289945
1290431
1290582
1291006
1291224
1291226
1291547
1291627
1291733
1291855
1292429
1292490
1293179
1293479
1293485
1293965
1294351
1294644
1294966
1294970
1295272
1296124
1296685
1296804
1296835
1297793
1298128
1298201
1299231
1300226
1300499
1300845
1300936
1300953
1301015
1301282
1301488
1302285
1302361
1302362
1302717
1302998
1303043
1303058
1303250
1303423
1303680
1304202
1304365
1304647
1304859
1304862
1304872
1304979
1305234
1305374
1305576
1305599
1305743
1305828
1305860
1305863
1306024
1306045
1306090
1306162
1306333
1306380
1306585
1306672
1306780
1306854
1306880
1307187
1307546
1307676
1307682
1307692
1307722
1307739
1308662
1308937
1309166
1309370
1309525
1309731
1309793
1309946
1310088
1310503
1310552
1310810
1310879
1310933
1311069
1311248
1311386
1311402
1311679
1312027
1312096
1312258
1312702
1312882
1313876
1313891
1313935
1313970
1314089
1314258
1314640
1315665
1315949
1316187
1316243
1316310
1316326
1316327
1316450
1316492
1316517
1316862
1316955
1316983
1317055
1317161
1317405
1317887
1318199
1318302
1318403
1318526
1318576
1319121
1319153
1319173
1319612
1319671
1319693
1319786
1319877
1320057
1320161
1320239
1320577
1320653
1320758
1320796
1320949
1321111
1321372
1321452
1321457
1321562
1321680
1321925
1321977
1322121
1322177
1322243
1322330
1322352
1322757
1322814
1322840
1323013
1323226
1323505
1323934
1323946
1324023
1324270
1324335
1324444
1324635
1324816
1325006
1325237
1325285
1325350
1325479
1325740
1326394
1326589
1326617
1326709
1327564
1327902
1328706
1328787
1328880
1329048
1329116
1329330
1329448
1329453
1329797
1329810
1329828
1329914
1329983
1329997
1330190
1330234
1330550
1330703
1330726
1330891
1331052
1331305
1331406
1331465
1331594
1331635
1331659
1331776
1331790
1331799
1331929
1331942
1332155
1332157
1332170
1332252
1332531
1332663
1332844
1332908
1333583
1333670
1333764
1334247
1334423
1334493
1334615
1334673
1335216
1335711
1335946
1335955
1335993
1336045
1336308
1336551
1336697
1336701
1336750
1337165
1337191
1337205
1337255
1337349
1337383
1337978
1338029
1338148
1338165
1338427
1338477
1338484
1338576
1338719
1338858
1338962
1339200
1339651
1339805
1339871
1340034
1340036
1340037
1340183
1340517
1340539
1340628
1340750
1341137
1341271
1341436
1341597
1341747
1341781
1341950
1342021
1342166
1342340
1342549
1343089
1343140
1343274
1343326
1343667
1343702
1344349
1344434
1344435
1344521
1344526
1344800
1344810
1344899
1344957
1344981
1344994
1345297
1345567
1345768
1345813
1345915
1346128
1346177
1346329
1346441
1346487
1346816
1346831
1346909
1346983
1347052
1347061
1347336
1347540
1347580
1347658
1347700
1347754
1347760
1347798
1347862
1347894
1348029
1348035
1348282
1348344
1348538
1348582
1348683
1348910
1349129
1349415
1349458
1349599
1349692
1349721
1349921
1349935
1350006
1350016
1350300
1350359
1350378
1350398
1350549
1350583
1350735
1350924
1351083
1351155
1351162
1351200
1351341
1351349
1351502
1351580
1351624
1351743
1352055
1352158
1352192
1352332
1352508
1352819
1352973
1353317
1353501
1353540
1353547
1353588
1353590
1353605
1353742
1353809
1353949
1354144
1354146
1354198
1354241
1354269
1354306
1354354
1354396
1354447
1354505
1354602
1354767
1354837
1355457
1355651
1355744
1355768
1355795
1356107
1356154
1356260
1356366
1356539
1357136
1357274
1357719
1357933
1357963
1358265
1358292
1358360
1358658
1358794
1358896
1359039
1359059
1359104
1359195
1359450
1359564
1359748
1359825
1360404
1360632
1360861
1360894
1361128
1361149
1361315
1361461
1362668
1362983
1363181
1363435
1363539
1364032
1364293
1364558
1364628
1365030
1365355
1365512
1365780
1365791
1365914
1366157
1367116
1368587
1369131
1373337
1373866
1374933
1375114
1375538
1376446
1378035
1378083
1380383
1380619
1380981
1381347
1381701
1381726
1382405
1382783
1382859
1382864
1383498
1383537
1383552
1383579
1384752
1384867
1385196
1385635
1385927
1386007
1386195
1386376
1386379
1386392
1386567
1387042
1387418
1387482
1388127
1388295
1388608
1388706
1389124
1389234
1389617
1389892
1390204
1390230
1390615
1390636
1390884
1390964
1391011
1391269
1391995
1392172
1392239
1392253
1392289
1392574
1392702
1392971
1393108
1393173
1393268
1393517
1393821
1394142
1394377
1394748
1394777
1394827
1395455
1395508
1395631
1395739
1395802
1395904
1395921
1395972
1396100
1396188
1396212
1396398
1396541
1396599
1396622
1396650
1396808
1396848
1397387
1397661
1397809
1398023
1399018
1399115
1400027
1400436
1401576
1401689
1401892
1402225
1402248
1402600
1403032
1403188
1403388
1403820
1404017
1404379
1404597
1404755
1404851
1405129
1405205
1405342
1405870
1406003
1406127
1406366
1406627
1406849
1406981
1407081
1407226
1407374
1407753
1407931
1407936
1408001
1408124
1408131
1408258
1408384
1408466
1408514
1408526
1408528
1409099
1409258
1409319
1409358
1409520
1409558
1409632
1409920
1410071
1410499
1410608
1410619
1410682
1411036
1411238
1411277
1411832
1411964
1412031
1412077
1412325
1412415
1412751
1412908
1413204
1413267
1413448
1413552
1413562
1413604
1413917
1413954
1414061
1414469
1414502
1414703
1415147
1415209
1415617
1415658
1415698
1415871
1415889
1415952
1416044
1416052
1416293
1416354
1417175
1417253
1417549
1417586
1417621
1417911
1418667
1418941
1420075
1420079
1420726
1420805
1420833
1421173
1421412
1421539
1422367
1422603
1423474
1423504
1426089
1426104
1427548
1428648
1429130
1430237
1430805
1430823
1430998
1432657
1433020
1433089
1433579
1433785
1434172
1434182
1434297
1435285
1436093
1436237
1436464
1436916
1437057
1437199
1437488
1437513
1438620
1438768
1438978
1439142
1439529
1439812
1439872
1439916
1440055
1440646
1440755
1440944
1441052
1441177
1441379
1441386
1441816
1441924
1442302
1442903
1443037
1443296
1443921
1443959
1444217
1444258
1444259
1444316
1444327
1444977
1445044
1445202
1445722
1445789
1445842
1445965
1446274
1446322
1446869
1447037
1447198
1448045
1448556
1448711
1449372
1449497
1449661
1449718
1450062
1450098
1450816
1450939
1450948
1451019
1451172
1451287
1451655
1451741
1452453
1453197
1453245
1453581
1454004
1454366
1454604
1454806
1455069
1455073
1455147
1455282
1455717
1455831
1455906
1456374
1456784
1456919
1457291
1457414
1457455
1457496
1457713
1457842
1457894
1457899
1458757
1458871
1458898
1459310
1459372
1459415
1459562
1459661
1459725
1460047
1460086
1460144
1460226
1460339
1460405
1460521
1460674
1460972
1461025
1461155
1461215
1461231
1461587
1461670
1461784
1461970
1462101
1462151
1462370
1462462
1462742
1462928
1462955
1463119
1463333
1466569
1467265
1467845
1469237
1469551
1470731
1471098
1471696
1471750
1471968
1472361
1472382
1472420
1472922
1473079
1473563
1473873
1474217
1474621
1476483
1476519
1476535
1477375
1477722
1477815
1478271
1478436
1479023
1479283
1479449
1479495
1479774
1479847
1480045
1480573
1480684
1480906
1481331
1482035
1482713
1482872
1482914
1483071
1484027
1484269
1484879
1485310
1485764
1486270
1487102
1487302
1487429
1487492
1487508
1487562
1488358
1488421
1488547
1489201
1489228
1489559
1489738
1489764
1490348
1490509
1490703
1490860
1491187
1491304
1491878
1492594
1493302
1493398
1493463
1493708
1494627
1494649
1494800
1494874
1495020
1495051
1495074
1495287
1495330
1495686
1495746
1496210
1496674
1496825
1497280
1498027
1498210
1498562
1498578
1498658
1498996
1499394
1499441
1499929
1500065
1500558
1500943
1500970
1501199
1501270
1501293
1501404
1501579
1501636
1501888
1502019
1502042
1502139
1502155
1502163
1502254
1502259
1502573
1502638
1502733
1502780
1502892
1503159
1503311
1503528
1503886
1503989
1504111
1504260
1504340
1504351
1504441
1504589
1505325
1505379
1505929
1505952
1505983
1506059
1506161
1506285
1506340
1506550
1506732
1506957
1507053
1507160
1507474
1507801
1507839
1507933
1507982
1508178
1508301
1508353
1508624
1508646
1508659
1508738
1508761
1508783
1508798
1508847
1508916
1509054
1509147
1509238
1509341
1509506
1509724
1509730
1509768
1509877
1509878
1509884
1509910
1510073
1510471
1510806
1511081
1511402
1512406
1514446
1515460
1515497
1515596
1515843
1516205
1516635
1517000
1517086
1517126
1517343
1517451
1517727
1517815
1517916
1518167
1518602
1518731
1518880
1520142
1520177
1520291
1520491
1520730
1520947
1520965
1521077
1521321
1521630
1522354
1522908
1523100
1523154
1524168
1525536
1525569
1525630
1526022
1526175
1526280
1526323
1526329
1526534
1526540
1526900
1527236
1527284
1527465
1527682
1528095
1528258
1528267
1528430
1528603
1529385
1530375
1530541
1530614
1530799
1531109
1531120
1531208
1532073
1532306
1532606
1532892
1532997
1533061
1533921
1533982
1534830
1535041
1535071
1535608
1536027
1536148
1536266
1536415
1536916
1537050
1537754
1537767
1537781
1537826
1537957
1538266
1538488
1538646
1538860
1538973
1539128
1539351
1539600
1539714
1539943
1540068
1540096
1540508
1540849
1540919
1540958
1540984
1541221
1541248
1541562
1541744
1541826
1541994
1542098
1542188
1542408
1542688
1542703
1542797
1543136
1543251
1543349
1543414
1543810
1544085
1544370
1544561
1544572
1544740
1544890
1544956
1544966
1545039
1545041
1545180
1545189
1545263
1545429
1545609
1545715
1545934
1547998
1548182
1550740
1551651
1552639
1552655
1553109
1553428
1553725
1554051
1554395
1554692
1555841
1556024
1556297
1556426
1556637
1558001
1558841
1559008
1559617
1561600
1562568
1563270
1563632
1563880
1564001
1564178
1564385
1564640
1564746
1564777
1564801
1565162
1565398
1565564
1565982
1566350
1566504
1566721
1567269
1567455
1567735
1568096
1568219
1568296
1568514
1568532
1568907
1569111
1569285
1569616
1569662
1570044
1570066
1570581
1571434
1571443
1573309
1573367
1573655
1574024
1574027
1574963
1575624
1575649
1576067
1576210
1576246
1576411
1576708
1578248
1578584
1579221
1580678
1580733
1580821
1581297
1582629
1582937
1583372
1583831
1584549
1584666
1584669
1585133
1585157
1586639
1588009
1588582
1589662
1590030
1590095
1590256
1590447
1590821
1590926
1591326
1591486
1591517
1591584
1591825
1591966
1592011
1592352
1592478
1592495
1593290
1593632
1593994
1595571
1596026
1596319
1596714
1596805
1597744
1597805
1597979
1598063
1598638
1599096
1599241
1599705
1599778
1600071
1600152
1600802
1600843
1600998
1601206
1601591
1601714
1601735
1601888
1601910
1602416
1602517
1602702
1603079
1604413
1604596
1605116
1605173
1605224
1605370
1605387
1605451
1605522
1605833
1605867
1605874
1605985
1606156
1606371
1607052
1607137
1607276
1607496
1607859
1607913
1608062
1608231
1608289
1608291
1608353
1608649
1608665
1608669
1608726
1608975
1609174
1609214
1609859
1610245
1610309
1610525
1611112
1611596
1611709
1611895
1611944
1612155
1612168
1612409
1612414
1612425
1612843
1613213
1613377
1614021
1614618
1614736
1614911
1614965
1615522
1616058
1616268
1616789
1616870
1616985
1617444
1617596
1618144
1619872
1620288
1620749
1620841
1621057
1621084
1621696
1622242
1622619
1622759
1623797
1624253
1624708
1624770
1624933
1625305
1625885
1626165
1626251
1626272
1626678
1626879
1627283
1627653
1627700
1627775
1628654
1628797
1629001
1629567
1630724
1631397
1631790
1631916
1631972
1631986
1633133
1633191
1633240
1633502
1633605
1634331
1634924
1635280
1635451
1636006
1636396
1636508
1636582
1636676
1636747
1636762
1636890
1637048
1637410
1637535
1637691
1637920
1637960
1638378
1638445
1638550
1639072
1639153
1639267
1639543
1640231
1641991
1642029
1642212
1642312
1642616
1642785
1642898
1643262
1643456
1643556
1644015
1644206
1644950
1645045
1645298
1645677
1645753
1645965
1646124
1646147
1646253
1646465
1646793
1646958
1647053
1647753
1647874
1647917
1647955
1648324
1648377
1648481
1648740
1648834
1648887
1649281
1649283
1649409
1649659
1650812
1650902
1651040
1651089
1651212
1651275
1651348
1651467
1651479
1651837
1651951
1651967
1652016
1652741
1653121
1653364
1653381
1653553
1653811
1653938
1654006
1654112
1654178
1654372
1654708
1654769
1654826
1655054
1655410
1655497
1655521
1655722
1656019
1656025
1656503
1656532
1658276
1659835
1660104
1660218
1660413
1660439
1661202
1661236
1661375
1661976
1662234
1662618
1662630
1663727
1664932
1665927
1666529
1666551
1667276
1667344
1667829
1668183
1668616
1668774
1668792
1668860
1669306
1669665
1670245
1670451
1670564
1670621
1670691
1670876
1672218
1672984
1673383
1673962
1674862
1675504
1675588
1675698
1675972
1676083
1676306
1676315
1676456
1677196
1677811
1677866
1678140
1678236
1678329
1678692
1678774
1678836
1679250
1679395
1679405
1679590
1679642
1680595
1680639
1681678
1681966
1682003
1682282
1683404
1683511
1683805
1684175
1684638
1684810
1685149
1685296
1685317
1685549
1685695
1685802
1686449
1686532
1686732
1687658
1688703
1689278
1689489
1689625
1690051
1690079
1690303
1690397
1690570
1690733
1690743
1690776
1691084
1691745
1692119
1692364
1692439
1692857
1692867
1692906
1692958
1692998
1693148
1693238
1693317
1693627
1693772
1694087
1694155
1694246
1694387
1694466
1694734
1694760
1694764
1694893
1694897
1695017
1695268
1695637
1695995
1696216
1696595
1696686
1696951
1697452
1697541
1697609
1697814
1697930
1698130
1698788
1698888
1699098
1699183
1699623
1699956
1699990
1700011
1700355
1700357
1700598
1700613
1700749
1700976
1701038
1701296
1701690
1702484
1702514
1702539
1703042
1703443
1704834
1704905
1704914
1705567
1706056
1706089
1706506
1706603
1706869
1707053
1707084
1707492
1707762
1707879
1707928
1708296
1708343
1708672
1708736
1708886
1708899
1708937
1709024
1709611
1709926
1710029
1710239
1710517
1710743
1710998
1711126
1711245
1711616
1711809
1711817
1712240
1712450
1712569
1712742
1713324
1713472
1713646
1714068
1714443
1714487
1714598
1714871
1715243
1715293
1715302
1715390
1715466
1715649
1715723
1715820
1715855
1716826
1716892
1717383
1717854
1717910
1718143
1718237
1718401
1718520
1718642
1718905
1719346
1719496
1719563
1719765
1719939
1719947
1720162
1720277
1720431
1720564
1720650
1720903
1721020
1721046
1721052
1721269
1721274
1721315
1721631
1721658
1722005
1722157
1722352
1722727
1722822
1723067
1723291
1723447
1723659
1723692
1723913
1723925
1724029
1724167
1724273
1724358
1724463
1724779
1725020
1725187
1725225
1725307
1725447
1725518
1725719
1726146
1726155
1726286
1726302
1726579
1727900
1728467
1728562
1728810
1729133
1729638
1729852
1730742
1730782
1730801
1730987
1731146
1731544
1731662
1731871
1732645
1732889
1734275
1734456
1734526
1734579
1734678
1734946
1735199
1735269
1735324
1735455
1735511
1736307
1736488
1736546
1736719
1736956
1737268
1738091
1738170
1738238
1738814
1739136
1739300
1739611
1739969
1740045
1740152
1740390
1741342
1741449
1741889
1742021
1742072
1742506
1742723
1743121
1743940
1744069
1744143
1744292
1744354
1745058
1745509
1745758
1746267
1746729
1747103
1747166
1747376
1747727
1748634
1748673
1748781
1748895
1748957
1749023
1749106
1749282
1749283
1749385
1749575
1749761
1749835
1749995
1750078
1750133
1750394
1750418
1750435
1750936
1751167
1751181
1751383
1751516
1752755
1752933
1753398
1753893
1754592
1754599
1754767
1754794
1754907
1755113
1755177
1755212
1755252
1755724
1756007
1756696
1756859
1757033
1757126
1757136
1757219
1757321
1757460
1757825
1757912
1758087
1758774
1758817
1758917
1759288
1759366
1759376
1759400
1759520
1759566
1759684
1759797
1759831
1759909
1760117
1760122
1760351
1760440
1760452
1760541
1760588
1760630
1760924
1761117
1761203
1761296
1761624
1761882
1761887
1761910
1762351
1762409
1762682
1763048
1763089
1763198
1763215
1763384
1763477
1763639
1763948
1764062
1764080
1764331
1764478
1764591
1764700
1764777
1764785
1764975
1765024
1765183
1765376
1766086
1766184
1766430
1766502
1766552
1766598
1766679
1766777
1766868
1766918
1767127
1767173
1767339
1767769
1767909
1767977
1768303
1768422
1768522
1768544
1768729
1768763
1768788
1768791
1768832
1768835
1769018
1769255
1769302
1769371
1769542
1769621
1769822
1769882
1770049
1770141
1770201
1770446
1770469
1770476
1770495
1770535
1770650
1770734
1770789
1770792
1770889
1770996
1771277
1771357
1771689
1771709
1771857
1771949
1771999
1772359
1772515
1772516
1772536
1772605
1772693
1772708
1772735
1772761
1773038
1773361
1773513
1773709
1773977
1774074
1774170
1774280
1774318
1774381
1774865
1775011
1775151
1775346
1775372
1775399
1775460
1775505
1775532
1775596
1775628
1775674
1775684
1775852
1776124
1776165
1776316
1776534
1776549
1776633
1776671
1776925
1777081
1777249
1777252
1777279
1777522
1777732
1777778
1777861
1778062
1778071
1778129
1778286
1778376
1778432
1778441
1778451
1778543
1778560
1778945
1779120
1779136
1779233
1779620
1779755
1780059
1780241
1780299
1780346
1780421
1780631
1780771
1780990
1781067
1781154
1781242
1781290
1781377
1781514
1781537
1781554
1781560
1781584
1781719
1781738
1781857
1781900
1782032
1782401
1782403
1782777
1783143
1783513
1783886
1784620
1784821
1784987
1785336
1785408
1785667
1785994
1786059
1786756
1786804
1786829
1786856
1787112
1787191
1787486
1787564
1787829
1787952
1788926
1789235
1789305
1789368
1789797
1789882
1791536
1791620
1791930
1793144
1793828
1793932
1794120
1794282
1794670
1795008
1795054
1795475
1796670
1797349
1797376
1797416
1797585
1797758
1797856
1798501
1799008
1799124
1799628
1799751
1799927
1800053
1800563
1800743
1800816
1801255
1801476
1801506
1801723
1801797
1802399
1802562
1802651
1802687
1803282
1803380
1803439
1803524
1803614
1804352
1804362
1804407
1804725
1804729
1804819
1804965
1805092
1805182
1805292
1805322
1805389
1805854
1806040
1806550
1806778
1806880
1807045
1807060
1807265
1807322
1807380
1807483
1807783
1807961
1808361
1808466
1808861
1809322
1809959
1809980
1810564
1810715
1810811
1810909
1811090
1811121
1811151
1811709
1811983
1812025
1812086
1812133
1812471
1812585
1812919
1812968
1813199
1813246
1813247
1813434
1813440
1813558
1813881
1814045
1814285
1814406
1814473
1814565
1814711
1814717
1814761
1815351
1815404
1815407
1815429
1815689
1815780
1815785
1816086
1816403
1816431
1816464
1817025
1817062
1817245
1817354
1817650
1817838
1817899
1817992
1818099
1818117
1819336
1819671
1819864
1820040
1820171
1820303
1820402
1820418
1820593
1820602
1820690
1820885
1821006
1821040
1821131
1821139
1821268
1821310
1821539
1821602
1821694
1821844
1821889
1821965
1821990
1822040
1822561
1822703
1822906
1823332
1823654
1823700
1823701
1823748
1823926
1824082
1824143
1824186
1824211
1824278
1824438
1824489
1824793
1825108
1825157
1825163
1825312
1825423
1825432
1825681
1825700
1825807
1826184
1826533
1826563
1826931
1827024
1827173
1827382
1827453
1827535
1827701
1828129
1828141
1828143
1828193
1828293
1828446
1828635
1828829
1828832
1828917
1829025
1829122
1829138
1829223
1829525
1829705
1830220
1830334
1830446
1830642
1830980
1830982
1831192
1831217
1831263
1831331
1831344
1831593
1831763
1832088
1832113
1832163
1832528
1832602
1832980
1833109
1833764
1833838
1833943
1834009
1834012
1834034
1834258
1834510
1835002
1835037
1835865
1836454
1836709
1837088
1837200
1837395
1837581
1837712
1837935
1838073
1838130
1839623
1839758
1840060
1840109
1840137
1840341
1840443
1840676
1840898
1841253
1841601
1842045
1842063
1842125
1842234
1843406
1843661
1843828
1843852
1843918
1844036
1844452
1844780
1845083
1845226
1845299
1845425
1846121
1846186
1846421
1846488
1846580
1846752
1846772
1847506
1847515
1847619
1847721
1848008
1848337
1848494
1848536
1848575
1848598
1848772
1848964
1849095
1849343
1849529
1849686
1849857
1850393
1850419
1850558
1851006
1851053
1851127
1851288
1851329
1851535
1851542
1851701
1852007
1852017
1852153
1852410
1852984
1853101
1853482
1853495
1853624
1853681
1853809
1853837
1853850
1853856
1853914
1853999
1854000
1854148
1854233
1854245
1854306
1854382
1854528
1854643
1854728
1854803
1855173
1855353
1855473
1855810
1855831
1855858
1855876
1855985
1856282
1856378
1856622
1856638
1856683
1856770
1857248
1857269
1857366
1857512
1857796
1858001
1858252
1858636
1858639
1858775
1858798
1858957
1859073
1859118
1859220
1859438
1859551
1859819
1860169
1860208
1860275
1860497
1860595
1860916
1861083
1861391
1861481
1861625
1861643
1861839
1861985
1862786
1863607
1864176
1864331
1864736
1864761
1865376
1865832
1865912
1866047
1866414
1866545
1866772
1866919
1867089
1867174
1867194
1867246
1867329
1867414
1867448
1867945
1867983
1868329
1868331
1868366
1868708
1869052
1869281
1869464
1869604
1870281
1870555
1870892
1871035
1871316
1871661
1871688
1871742
1872464
1872625
1872626
1872739
1872765
1872884
1872957
1872985
1873170
1873915
1873931
1874075
1874349
1874468
1874476
1874497
1874742
1874845
1874870
1876105
1876202
1876394
1876575
1876749
1877037
1877544
1877583
1877612
1877835
1878226
1878244
1878743
1878805
1878808
1879078
1879178
1879183
1879714
1879797
1884260
1885929
1886224
1892275
1895012
1898348
1898546
1899054
1899056
1899173
1899995
1900103
1900403
1901340
1902175
1902339
1902902
1903051
1903275
1903347
1903722
1903844
1903912
1903982
1904201
1904442
1904613
1904922
1905255
1905291
1905359
1906192
1906653
1906814
1907200
1907305
1907482
1907858
1907974
1908478
1909367
1910669
1910781
1911136
1912297
1912368
1912421
1912489
1912498
1912501
1912743
1913028
1913078
1913194
1913771
1913884
1914357
1914397
1914870
1915052
1915146
1915391
1915518
1915734
1916422
1916659
1916692
1916800
1916810
1917354
1917826
1917924
1919058
1919169
1919264
1919318
1919462
1920061
1920350
1920692
1920875
1920967
1922750
1922909
1923055
1923318
1923689
1923880
1924170
1924272
1924349
1924396
1924399
1924628
1924920
1924930
1925057
1925530
1926139
1928285
1928531
1929043
1929395
1929406
1930618
1930671
1931200
1933231
1933455
1933456
1933922
1934584
1934648
1934763
1934973
1935360
1935686
1935814
1935891
1935974
1936126
1936368
1936479
1936561
1936875
1937304
1937308
1937328
1937989
1938115
1938450
1938464
1938644
1939113
1939116
1939165
1939254
1939928
1941048
1941938
1942193
1943098
1943108
1943934
1944046
1944912
1944920
1945016
1945208
1945451
1945832
1945926
1946356
1946444
1946883
1947009
1948051
1948232
1948256
1948334
1948494
1949048
1950068
1950237
1950636
1950716
1950730
1950890
1951082
1951426
1951592
1951839
1951934
1952391
1952434
1952817
1953339
1954073
1954312
1954519
1954799
1954943
1955086
1955513
1955752
1955991
1956240
1956360
1957032
1957095
1957588
1958728
1960977
1961104
1961412
1961566
1961846
1962183
1962251
1962253
1963501
1963503
1963590
1964116
1964317
1964698
1964723
1964952
1964971
1965143
1965265
1965404
1965601
1965744
1965750
1966710
1967319
1967657
1967779
1968423
1968596
1968694
1969012
1969089
1969264
1969374
1969611
1969982
1970286
1970992
1971036
1971330
1971626
1971644
1971671
1973592
1973629
1974320
1974619
1975345
1975628
1975727
1975865
1976437
1976727
1976834
1976979
1977006
1977142
1977440
1977505
1977870
1978001
1978089
1978356
1978382
1978917
1979764
1979915
1979959
1979967
1980033
1980126
1980258
1980285
1980541
1980692
1981800
1982056
1982732
1982736
1982873
1983257
1983266
1983269
1985064
1985183
1985219
1985362
1985536
1985689
1986135
1986191
1986940
1987020
1987273
1987646
1987736
1988115
1988243
1988767
1988873
1989201
1989204
1989752
1990471
1990519
1990820
1990872
1991031
1991173
1991356
1991461
1991818
1991828
1991902
1992103
1992267
1992415
1993210
1993750
1993954
1994229
1994781
1995397
1995722
1996152
1996363
1996808
1998015
1998049
1998298
1998977
1999202
1999708
2000001
2000128
2000194
2001459
2001548
2002035
2002690
2003006
2003086
2003216
2003960
2003974
2004037
2004092
2004205
2004395
2004524
2004769
2004921
2005245
2005423
2005488
2005553
2005577
2005676
2005839
2006018
2006298
2006544
2006687
2006790
2007021
2007377
2007667
2008052
2008588
2008851
2008943
2009318
2009379
2009429
2009446
2009524
2009534
2009581
2009640
2010193
2010397
2010572
2010588
2010589
2010702
2010974
2010997
2011002
2011075
2011231
2011254
2011338
2011386
2012241
2012269
2012485
2012600
2012732
2012844
2013174
2013494
2013715
2014295
2014977
2015115
2015164
2015276
2015281
2015311
2015694
2015743
2016027
2016135
2016543
2016545
2016627
2017178
2017401
2017406
2017604
2017943
2019012
2019022
2019701
2019747
2020646
2022450
2023137
2023383
2023390
2023855
2024045
2024671
2025791
2025805
2025971
2026232
2026373
2026708
2026731
2026814
2026815
2027084
2027283
2027633
2027894
2028266
2028354
2028589
2029360
2029573
2029786
2030717
2030771
2030849
2030908
2031377
2031441
2031565
2031808
2031872
2032152
2032377
2032570
2032702
2032746
2033131
2033893
2033925
2034275
2034631
2035005
2035362
2035469
2035482
2035932
2036135
2037004
2037184
2037318
2037884
2038304
2038436
2038496
2038665
2038820
2039044
2039823
2039969
2040561
2040803
2040807
2040808
2040952
2041354
2042981
2043235
2043346
2043454
2043518
2044125
2044148
2044176
2044999
2045873
2045903
2046012
2046145
2046259
2046552
2046718
2046835
2046902
2047285
2047770
2048202
2048773
2049091
2049257
2049510
2050252
2051818
2051830
2051967
2051994
2052372
2052738
2054650
2055899
2056133
2056236
2057261
2057262
2057329
2057587
2057976
2058356
2058491
2058633
2058782
2059331
2059377
2059760
2059897
2060007
2060145
2060420
2061574
2062016
2063650
2065069
2065407
2065478
2066135
2066197
2066373
2066626
2066762
2067189
2067216
2067289
2067659
2068049
2068162
2069142
2070269
2071176
2071340
2073027
2073320
2073578
2073671
2073700
2074703
2074912
2075100
2075288
2075378
2075638
2076136
2076328
2076466
2076940
2077192
2077200
2077221
2077502
2077834
2077883
2078221
2078477
2078583
2078885
2079103
2079446
2079635
2079660
2079774
2080148
2080215
2080856
2081232
2081838
2082096
2083396
2083399
2083765
2083936
2084129
2084793
2085052
2086693
2087266
2087388
2088093
2088377
2088615
2088694
2089780
2089781
2090855
2091134
2091210
2091753
2091820
2091927
2094408
2094744
2095440
2095908
2096296
2096843
2096976
2097580
2099500
2099782
2100078
2100836
2101065
2101307
2101552
2101691
2102108
2102392
2102466
2102625
2103175
2103286
2103857
2103928
2104273
2105638
2106054
2106067
2106142
2106262
2106335
2106593
2106612
2106695
2106751
2107582
2107829
2108141
2108267
2108779
2109215
2109920
2110103
2110202
2110462
2110852
2110853
2110882
2111096
2111377
2111864
2111869
2112099
2112323
2112694
2112704
2112879
2113230
2113463
2113841
2113854
2113855
2114391
2115281
2115303
2115331
2115595
2115748
2115807
2115866
2116033
2116131
2116349
2116508
2116865
2117078
2117100
2117201
2117560
2117669
2117901
2118015
2118071
2118094
2118148
2118492
2118618
2118692
2118781
2118823
2118858
2118864
2118904
2118965
2119166
2119223
2119404
2119536
2119610
2119971
2120200
2120325
2120677
2120679
2121063
2121431
2121822
2122457
2123003
2123195
2124273
2124355
2124692
2124888
2126920
2127488
2127592
2127638
2127918
2128035
2128330
2128368
2128392
2128405
2129186
2129391
2129433
2130316
2130611
2130615
2130690
2130752
2130768
2130808
2131006
2131023
2131062
2131207
2131675
2131676
2131709
2131713
2131762
2132065
2132302
2132396
2132466
2132491
2132571
2132644
2132750
2133024
2133092
2133354
2133513
2133769
2133784
2133790
2134038
2134250
2134333
2134361
2134404
2134870
2135655
2135714
2135827
2136449
2137023
2137194
2137538
2138015
2138133
2138610
2138687
2138991
2139148
2139185
2139191
2139556
2139607
2139733
2139965
2140151
2140264
2140507
2140758
2140769
2140869
2141125
2141501
2141604
2141647
2142158
2142430
2142442
2142444
2142448
2142688
2143331
2143342
2143795
2144095
2145412
2145603
2145711
2146038
2146656
2146799
2146810
2148328
2148615
2148898
2148915
2149254
2150049
2150376
2150542
2151271
2151402
2151579
2151714
2151921
2151927
2152055
2152095
2152254
2152665
2152776
2153206
2153209
2153384
2153951
2154110
2154448
2154721
2154827
2155081
2155292
2155667
2155928
2156618
2157655
2157694
2158063
2158249
2158583
2159025
2159717
2159924
2160247
2160841
2160849
2161011
2161307
2161454
2161538
2161687
2161709
2161809
2161856
2161937
2161968
2162154
2162230
2162309
2162445
2162517
2163135
2163984
2164248
2164430
2165252
2165730
2166462
2168397
2168670
2168932
2169172
2169884
2170016
2170090
2170766
2171361
2171629
2171917
2171988
2172072
2172224
2172960
2173079
2173663
2173799
2174013
2174318
2174722
2174806
2174952
2175022
2175430
2176006
2176095
2176245
2176366
2177528
2177882
2178397
2178897
2179448
2179478
2179497
2179658
2179903
2180202
2180784
2181694
2182148
2183181
2183295
2183687
2183979
2184511
2184861
2185046
2185205
2185285
2185521
2185923
2186021
2186074
2186162
2186861
2187378
2187865
2188162
2188312
2188316
2188633
2188943
2189044
2189096
2189259
2189782
2189922
2189990
2190024
2190149
2190171
2190356
2190686
2191077
2191600
2191973
2192611
2193671
2193923
2194183
2194455
2194605
2195153
2195707
2196676
2197005
2197324
2197490
2198196
2198434
2198938
2198939
2199325
2199683
2199817
2200138
2200154
2201092
2201392
2201509
2202462
2202544
2203056
2203066
2203332
2203542
2203657
2204523
2205020
2205297
2205656
2206074
2206149
2206196
2206273
2206345
2206578
2206739
2206784
2207061
2207091
2207128
2207224
2207636
2207829
2207866
2207949
2208104
2208202
2208263
2208303
2208518
2208575
2208641
2208672
2208813
2208905
2208996
2209142
2209384
2209605
2209662
2209830
2210237
2210981
2211043
2211070
2211387
2211466
2211518
2211588
2211912
2212034
2212156
2212315
2212330
2212602
2212691
2212861
2213492
2213538
2214053
2215479
2216051
2216248
2216325
2216378
2216495
2216561
2217106
2217740
2217791
2217857
2218510
2219484
2219732
2219852
2219857
2220882
2221086
2221537
2221541
2221822
2221872
2222184
2222192
2222316
2222777
2222790
2222803
2223010
2223207
2223267
2223564
2223821
2223845
2224239
2224320
2224691
2225037
2225541
2225591
2226135
2226406
2227104
2227223
2227239
2227351
2227572
2227939
2228234
2228300
2228450
2229347
2229571
2229599
2229782
2230148
2230648
2230656
2231066
2232225
2232364
2232590
2234045
2234513
2234690
2235363
2235832
2235917
2235950
2236208
2236320
2236892
2236912
2237147
2237413
2237625
2237705
2238082
2238195
2238653
2239016
2239034
2239406
2239676
2239994
2240147
2240154
2240973
2241128
2241189
2241798
2241850
2242343
2244028
2244475
2244637
2244754
2245360
2245560
2245571
2245663
2246029
2246345
2246728
2247108
2248139
2248223
2249530
2249671
2249687
2250371
2250554
2250576
2250719
2250830
2250936
2251139
2252654
2252836
2252984
2253191
2253216
2253602
2253991
2254268
2254342
2254382
2254490
2254650
2254788
2255113
2255377
2255435
2255633
2255709
2256741
2256982
2257258
2257573
2257601
2257924
2258263
2258293
2258395
2258927
2259695
2259825
2259878
2260060
2260165
2260174
2260198
2260531
2260532
2260847
2260958
2261620
2261734
2261742
2262169
2262187
2262877
2263654
2263748
2263750
2264133
2264442
2264535
2264540
2264779
2264867
2264890
2265281
2265535
2265740
2265797
2266103
2266266
2266632
2266705
2266736
2266991
2267146
2267335
2267743
2268667
2268805
2268849
2269111
2269126
2269163
2269195
2269453
2269459
2269474
2269542
2269568
2269763
2270716
2271048
2273190
2273768
2274308
2275343
2275363
2275660
2276083
2276420
2277082
2277326
2277627
2279096
2279444
2279532
2279646
2279785
2279929
2279963
2280613
2281198
2281415
2281454
2281521
2281530
2281798
2282374
2282762
2282848
2283020
2283580
2283774
2283807
2284009
2284078
2284133
2284553
2284598
2284688
2285206
2285307
2285387
2285791
2286138
2287058
2287792
2288089
2288426
2288546
2288937
2289186
2289251
2289430
2289724
2290045
2290058
2290133
2290488
2290652
2290733
2291105
2292062
2293243
2293460
2293868
2293997
2294021
2294274
2294408
2294447
2294541
2294551
2294804
2294836
2294885
2295468
2295711
2296245
2296547
2297066
2297307
2297346
2297731
2298005
2298042
2298133
2298552
2298684
2298826
2298890
2299337
2299361
2299520
2299552
2299816
2299903
2300052
2300950
2301018
2301223
2301447
2301962
2302035
2302142
2302764
2302885
2303088
2303296
2303432
2303476
2303702
2304491
2304819
2305164
2305416
2305432
2305533
2305548
2305650
2305849
2306188
2306770
2307170
2308272
2309341
2310548
2311399
2311500
2311662
2312315
2312695
2312810
2313219
2313447
2313475
2313565
2314346
2314506
2314649
2314769
2314831
2315610
2315666
2315733
2316110
2316235
2316372
2316782
2316952
2317052
2317202
2317431
2317462
2318031
2318381
2318543
2318800
2318980
2319252
2319277
2319528
2320547
2320895
2320932
2321106
2321189
2321969
2322079
2322823
2322863
2323010
2323590
2324445
2324608
2324676
2324787
2324836
2325308
2325574
2325627
2325662
2326479
2326495
2326560
2326577
2326809
2327548
2327693
2327906
2328055
2328120
2328604
2329027
2329122
2329504
2329743
2329821
2330188
2330469
2330488
2330759
2331296
2331754
2332352
2332467
2332764
2333072
2333109
2333426
2333777
2333811
2334786
2335131
2335822
2336015
2336095
2336193
2336331
2336646
2336852
2336894
2337606
2338369
2338490
2339127
2339806
2339829
2340102
2340200
2340294
2341031
2341044
2341051
2341188
2341247
2341421
2342366
2342759
2343050
2343374
2343642
2343717
2343947
2344165
2344247
2344858
2345105
2345209
2345920
2346040
2346476
2346511
2346531
2346992
2347060
2347293
2347905
2348255
2348874
2348986
2349250
2349306
2349911
2351411
2351437
2352005
2352066
2352126
2352270
2352340
2352371
2352409
2352674
2353239
2353586
2353596
2353631
2353681
2354177
2355215
2355240
2355252
2355308
2355619
2355824
2355990
2356111
2356986
2357154
2358780
2359167
2359296
2359422
2359877
2360097
2360869
2360976
2361340
2361470
2362371
2362423
2363536
2363752
2363852
2364104
2364246
2364882
2365686
2366231
2367830
2369236
2369606
2369826
2369866
2370453
2370604
2370774
2370984
2371445
2371539
2372259
2372271
2372881
2373275
2374876
2374905
2377564
2378154
2378600
2378711
2380981
2381232
2381724
2381806
2381821
2381829
2381949
2382217
2382414
2383199
2383482
2383911
2384098
2384312
2384349
2384478
2384487
2384552
2384667
2385223
2385569
2385722
2385813
2386231
2386251
2386488
2386744
2386875
2386893
2386913
2387235
2387395
2387415
2387466
2388734
2388962
2389191
2390170
2390641
2390799
2390988
2391298
2391776
2393025
2393973
2395089
2395967
2396012
2396065
2396113
2396489
2396535
2396809
2397083
2397181
2397233
2397263
2397559
2398297
2398668
2398725
2398818
2398960
2399002
2399261
2399358
2399376
2399396
2399424
2400662
2400807
2400859
2402747
2403352
2403415
2403615
2404170
2404251
2404850
2404857
2406460
2406944
2406995
2407693
2408415
2408425
2408990
2409146
2409217
2409418
2409695
2410771
2411483
2411660
2411984
2412074
2412425
2413025
2413122
2413157
2413450
2413469
2413792
2414143
2414700
2414882
2415379
2415417
2415531
2416224
2416490
2416675
2417554
2418911
2418961
2419236
2419425
2420644
2420774
2420910
2421181
2421400
2421779
2422236
2422413
2422416
2422565
2422633
2423445
2423988
2424081
2424156
2424500
2425101
2425314
2425337
2425443
2425447
2425754
2426479
2426481
2426818
2426851
2427021
2427543
2427574
2427599
2427792
2428072
2428117
2428137
2428168
2428245
2429553
2431176
2431201
2431505
2431990
2432052
2432660
2432920
2433431
2433792
2434590
2434835
2434868
2435936
2435994
2436072
2436470
2436745
2436969
2437287
2437545
2437614
2438713
2438788
2439716
2439829
2439863
2439950
2439995
2440124
2440205
2440206
2440273
2440384
2440655
2440756
2441421
2443369
2443370
2444456
2445422
2446413
2446783
2447173
2447181
2447337
2447397
2447858
2448577
2448692
2448959
2449253
2449353
2449427
2449471
2449619
2449943
2450030
2450083
2450685
2450750
2450769
2450800
2451027
2451296
2451760
2451775
2451883
2452385
2452705
2453041
2453164
2453497
2453836
2453876
2453943
2454103
2454391
2454397
2454585
2454852
2454855
2455058
2455627
2455831
2455985
2456219
2456623
2457185
2457262
2457680
2458133
2458232
2458684
2458991
2459019
2459241
2459421
2459831
2459943
2460026
2460669
2461330
2461365
2461422
2461678
2461890
2462230
2462272
2462462
2463268
2463291
2463619
2463681
2463721
2463826
2464167
2464354
2464412
2464460
2464580
2464779
2464792
2464797
2464874
2465065
2465500
2465767
2465840
2466061
2466351
2466355
2466416
2466609
2468493
2470435
2471336
2471933
2472479
2472543
2472909
2473964
2474542
2474718
2474955
2475004
2475049
2475443
2475527
2475658
2475780
2476178
2476365
2476719
2477503
2477687
2478417
2478824
2479404
2479493
2480239
2480481
2480735
2480953
2480983
2481082
2481118
2481362
2481552
2481997
2482224
2482582
2482968
2483332
2483341
2483492
2483759
2484026
2484688
2485465
2486145
2486298
2486312
2486354
2487475
2487492
2487688
2487807
2487894
2487925
2488626
2488638
2489386
2490176
2491376
2491421
2491625
2491674
2492020
2492271
2492535
2492916
2493036
2493942
2494220
2494235
2494436
2494484
2494586
2494771
2495436
2496123
2497717
2498602
2499560
2499932
2500175
2500331
2500867
2501381
2502359
2502812
2503998
2504076
2504145
2504215
2504570
2504844
2505239
2505521
2507104
2507732
2507906
2507907
2508059
2508216
2510199
2511144
2513325
2513582
2514151
2514591
2514630
2514769
2514909
2515241
2515342
2515634
2515846
2516267
2516548
2517094
2517774
2518382
2519444
2520672
2521692
2521704
2521723
2522040
2522123
2522456
2522613
2522916
2523186
2523231
2523655
2524108
2524441
2524487
2524707
2524850
2525643
2525722
2525869
2525883
2525903
2526098
2526269
2526474
2526985
2527271
2527336
2527384
2527416
2527506
2528076
2528330
2528759
2529046
2529877
2531521
2531826
2531863
2532339
2533014
2533090
2537109
2537343
2537445
2537954
2538277
2538302
2538500
2539790
2539809
2540009
2540502
2540804
2544769
2544775
2545556
2545696
2546115
2546556
2546700
2547924
2548347
2548496
2548537
2548727
2549462
2549647
2550010
2550419
2550904
2551252
2551299
2551391
2551781
2552050
2552382
2552468
2552530
2552599
2554509
2555207
2555216
2555358
2555449
2555587
2557219
2557228
2557449
2557496
2557633
2557714
2558464
2558526
2558682
2558811
2558818
2559052
2559259
2559302
2559511
2559616
2559734
2560036
2560453
2560595
2560660
2561104
2561570
2561801
2561863
2561944
2561946
2562222
2562482
2562523
2562686
2562737
2562904
2563662
2563811
2564082
2564434
2564486
2564531
2564676
2564952
2565195
2565310
2565629
2565728
2565772
2566486
2566658
2566910
2567063
2567164
2567383
2567555
2567718
2567910
2568187
2568196
2568678
2569431
2569585
2569814
2569828
2572263
2572279
2572606
2572974
2573332
2573631
2574313
2574544
2574911
2575596
2575784
2576136
2576307
2576670
2576928
2577112
2577499
2577893
2578154
2578423
2578483
2578618
2578653
2579187
2579536
2580024
2580068
2580475
2580691
2580782
2581235
2581315
2581922
2582471
2582520
2583473
2583892
2584628
2585876
2586311
2586675
2586906
2587300
2587761
2587854
2588299
2588333
2588362
2588755
2588877
2588947
2589008
2589082
2589304
2589549
2589702
2589758
2590191
2590205
2590377
2590440
2590538
2591118
2591966
2592357
2592912
2593206
2593213
2593759
2594178
2594266
2594472
2594585
2594709
2594754
2594898
2594930
2594984
2595065
2595223
2595519
2596294
2596488
2596526
2596700
2596966
2597087
2597224
2597916
2598136
2598231
2598378
2598575
2598942
2599022
2599170
2599217
2599364
2599379
2599429
2599955
2600189
2600322
2600751
2601078
2601790
2602453
2602458
2602626
2602860
2603013
2604139
2604305
2604758
2605642
2605843
2606268
2606990
2607369
2607718
2607829
2608223
2608228
2608266
2608724
2608924
2608965
2609160
2609902
2609956
2611009
2611643
2611739
2612864
2615505
2615662
2616168
2616465
2617096
2617149
2617183
2617468
2617556
2618623
2618691
2619140
2619272
2619379
2619919
2620015
2620186
2620722
2621230
2621404
2621963
2622599
2622649
2623207
2623275
2623683
2624168
2624821
2625154
2625179
2625654
2625762
2625901
2626139
2626302
2626482
2627084
2627249
2627262
2627555
2628694
2630432
2631312
2631575
2631987
2632174
2632420
2632999
2634836
2634877
2635060
2635617
2635645
2635815
2636376
2636391
2636424
2636624
2636783
2637180
2637282
2637316
2637509
2637545
2637584
2638100
2638546
2638688
2639785
2640141
2640665
2640811
2641190
2641423
2641454
2641679
2642128
2642556
2642777
2642889
2642966
2643015
2643154
2643164
2645159
2645647
2646134
2646458
2646725
2646752
2646855
2647023
2647398
2647912
2647954
2648168
2648288
2648401
2648452
2648511
2648803
2648945
2649220
2649418
2649594
2649841
2649844
2650414
2650445
2650487
2650592
2652129
2652165
2653011
2653335
2653460
2653847
2654277
2654402
2654553
2654826
2654832
2654874
2655033
2655284
2655590
2655763
2656137
2656309
2656524
2657108
2657185
2657284
2657388
2657431
2657522
2657871
2658009
2658091
2658543
2658612
2659167
2659381
2659401
2659721
2660256
2660323
2660377
2660431
2660707
2660886
2660888
2663722
2663841
2664071
2664313
2666123
2666237
2666382
2666902
2666923
2667275
2667595
2668509
2668943
2669584
2669907
2671535
2671966
2672509
2672943
2673074
2673228
2673274
2673755
2673865
2674329
2674844
2675322
2675631
2675944
2676262
2676422
2676638
2676917
2677218
2678029
2678050
2678189
2678399
2678749
2679042
2679104
2679236
2679322
2679739
2680780
2681396
2681593
2682475
2683377
2683751
2683854
2684192
2684214
2684516
2684997
2685036
2685205
2685590
2685951
2685999
2686141
2686447
2686919
2686996
2687457
2687579
2687601
2687680
2687986
2688664
2688715
2688755
2688796
2689230
2689349
2689499
2689562
2689853
2690200
2690599
2690611
2692404
2692866
2693236
2693343
2693457
2694146
2694202
2695466
2695500
2695982
2696167
2697014
2697119
2697493
2698040
2698120
2699309
2699401
2701182
2701731
2702014
2702295
2702912
2703255
2704290
2704405
2705814
2705912
2706298
2706630
2706644
2706656
2706846
2707185
2707687
2708517
2708590
2708635
2708848
2708866
2709024
2709273
2709362
2709723
2710482
2711187
2711427
2711818
2711833
2711847
2712096
2712113
2712149
2712228
2712870
2713113
2713185
2713333
2713640
2713882
2714409
2714847
2714937
2715272
2715401
2715515
2715612
2715714
2715773
2715870
2716358
2716772
2717209
2717500
2717620
2717643
2717746
2718785
2718946
2719324
2719383
2719456
2719690
2721307
2721500
2722268
2722285
2722666
2723978
2724318
2724912
2724920
2724932
2725028
2725139
2725522
2725761
2726084
2726163
2726204
2726843
2726873
2727225
2727514
2727527
2728249
2728830
2729130
2729530
2729571
2729823
2730580
2731109
2731382
2731636
2731656
2732074
2732202
2732248
2732774
2733168
2733893
2734666
2735975
2737099
2737711
2737740
2738082
2738261
2738649
2739069
2740196
2740282
2740667
2740948
2741499
2742912
2743384
2743820
2744989
2745614
2746183
2746411
2746552
2746885
2747422
2747576
2747609
2747687
2748332
2748740
2748952
2750459
2750868
2751155
2751314
2752101
2752282
2752712
2752833
2753180
2753219
2753321
2753400
2753581
2753592
2753705
2754163
2754178
2754379
2755425
2755835
2756112
2757179
2757978
2758495
2759360
2760642
2760745
2761277
2762039
2762128
2762736
2762794
2762918
2763206
2763414
2764143
2764285
2764521
2764546
2765180
2765325
2766860
2766880
2767026
2767088
2767354
2767418
2770348
2770350
2770539
2770554
2770986
2771347
2771562
2771843
2772335
2772441
2773442
2773612
2773700
2773951
2774480
2774725
2774835
2774896
2775059
2775310
2775904
2776505
2776914
2776977
2777883
2777975
2778360
2778535
2778866
2779511
2779702
2780045
2780224
2780335
2781565
2781594
2781933
2781971
2782028
2782216
2782336
2782786
2783089
2783191
2783305
2783459
2783477
2783641
2784256
2784543
2785074
2785610
2785725
2786343
2786961
2787386
2788028
2788422
2788470
2788477
2788737
2788765
2789452
2789748
2789927
2790095
2790757
2791092
2791178
2791200
2791209
2791628
2792033
2792430
2793007
2793032
2793280
2793448
2793451
2793529
2793690
2793780
2796439
2796475
2796696
2797059
2797091
2797291
2797574
2798485
2798510
2798649
2799527
2800776
2800958
2801254
2801861
2801954
2802377
2802790
2803149
2804622
2806173
2806740
2806793
2807095
2807430
2808596
2809337
2810044
2810138
2811991
2812184
2812818
2812846
2813241
2814011
2814156
2814763
2815261
2815445
2815534
2815836
2816419
2817129
2817212
2817863
2818182
2818426
2818763
2818988
2819062
2819068
2819663
2820245
2820333
2820439
2820585
2820621
2822246
2823682
2825043
2825357
2825781
2826082
2826255
2826905
2827182
2827246
2827361
2827671
2827835
2827953
2828043
2828727
2828920
2829011
2829292
2829654
2829763
2830533
2830928
2831440
2832157
2832180
2832403
2833019
2833371
2834024
2834263
2834270
2834273
2834401
2834551
2834756
2834865
2835260
2835776
2836089
2836143
2836465
2837055
2837550
2838506
2838739
2840528
2841733
2842711
2842790
2842827
2843000
2843143
2843154
2843663
2843833
2844126
2845282
2845453
2845823
2845943
2845944
2846084
2847584
2847689
2847828
2848305
2848777
2849280
2849596
2850010
2850406
2850508
2850620
2852145
2852688
2853055
2853331
2853843
2853896
2853960
2854308
2855010
2855405
2855838
2856494
2856889
2857194
2857569
2857795
2857832
2859483
2860075
2860363
2860479
2860612
2861159
2861411
2861775
2861801
2862829
2863048
2863198
2863237
2863555
2863877
2864871
2865098
2865859
2866907
2867877
2869224
2869300
2869999
2870171
2870453
2870527
2871442
2871685
2872121
2872340
2872589
2872608
2872721
2872836
2873909
2873957
2874148
2874167
2874455
2874783
2874969
2875102
2875167
2877601
2877856
2878213
2879066
2879122
2880131
2880568
2881154
2881240
2881594
2881812
2882315
2882795
2883573
2883579
2883688
2884266
2884418
2884421
2884423
2884627
2884860
2885292
2885425
2885535
2885762
2886270
2886577
2886861
2887504
2887555
2888003
2888229
2888380
2891116
2891458
2891963
2892041
2892317
2893268
2893591
2894123
2896311
2896559
2896893
2897268
2897589
2897635
2897762
2897962
2898979
2899876
2900720
2900968
2901080
2901277
2901285
2902318
2902497
2902501
2902806
2902817
2903397
2903421
2903599
2904076
2905149
2905434
2905800
2906238
2907098
2908408
2908443
2908598
2909360
2909798
2910380
2911147
2911303
2911474
2911846
2913334
2915720
2916965
2917956
2918101
2919518
2919746
2919969
2921106
2921287
2921603
2923783
2924477
2926553
2926669
2926937
2927019
2927395
2927553
2927766
2928020
2928100
2928303
2929058
2929106
2930617
2931394
2932153
2932719
2932880
2933715
2935758
2935873
2936372
2936729
2937299
2937530
2939509
2940142
2940350
2940851
2940945
2941082
2941238
2941245
2941320
2941529
2941616
2941734
2941933
2942090
2942175
2942819
2943208
2943868
2944156
2944526
2944930
2945305
2945487
2945653
2945734
2945874
2946280
2946543
2946561
2946605
2946938
2947395
2948007
2949047
2949161
2950648
2951135
2952038
2952358
2952920
2953036
2953249
2953302
2953407
2953823
2954022
2954173
2954495
2955706
2956190
2956211
2956512
2956596
2957001
2957378
2957594
2957881
2957910
2958189
2958438
2958787
2959627
2960382
2963145
2964269
2964347
2965321
2965467
2965565
2965800
2966155
2967167
2967422
2967453
2968168
2968352
2968487
2968853
2969065
2969167
2969247
2969728
2969811
2970015
2970326
2970641
2970870
2971657
2971798
2971809
2972066
2972283
2972327
2972340
2972390
2972446
2972524
2972918
2973501
2974003
2974130
2976322
2976862
2976910
2976975
2977181
2977650
2977823
2977975
2978378
2978507
2979831
2979960
2980427
2980699
2981198
2982062
2983815
2983962
2984225
2986657
2986991
2987156
2987567
2988138
2988232
2990638
2990734
2991287
2991368
2991682
2991898
2991935
2992445
2992825
2993290
2994028
2994734
2995373
2996583
2996790
2997278
2998156
2998168
2998314
2998608
2998700
2999749
3001628
3003265
3004097
3004210
3004392
3004427
3004851
3004885
3005971
3006341
3006701
3006794
3007287
3007651
3007945
3008227
3008916
3009793
3010167
3010174
3010181
3010269
3010377
3010424
3014005
3014456
3014773
3014984
3015931
3016660
3016759
3017564
3017923
3017927
3018100
3018183
3018806
3019540
3019643
3020570
3020982
3021249
3021381
3021434
3021861
3021879
3021968
3022059
3022818
3023189
3023374
3023532
3024524
3027023
3027068
3027706
3028458
3029957
3030493
3030692
3030783
3030815
3031022
3031093
3034623
3037315
3037364
3037406
3038816
3038970
3039511
3042504
3042814
3043238
3043530
3043805
3044613
3044726
3045055
3047468
3048062
3048484
3049635
3049756
3051469
3051672
3051761
3051894
3051951
3051960
3052058
3052074
3052375
3052625
3052658
3052815
3052830
3053620
3053976
3054010
3056366
3056390
3056576
3057259
3057621
3057660
3058230
3058331
3058531
3059207
3059855
3060358
3060743
3060883
3062020
3063324
3063394
3063748
3064020
3064221
3064651
3065946
3066133
3066230
3067167
3067676
3068014
3068977
3069301
3071596
3072204
3073669
3073981
3074275
3074373
3074387
3074578
3077382
3080420
3083763
3084354
3084852
3085000
3085107
3085167
3085351
3086303
3086618
3087348
3087547
3088048
3088117
3088125
3088616
3089017
3089506
3089816
3090266
3090293
3090383
3091176
3091553
3092187
3092427
3092726
3093708
3095374
3096426
3096648
3096798
3097297
3097461
3097971
3098144
3098164
3098945
3098993
3100039
3100128
3101429
3102697
3102769
3102842
3103425
3104806
3105104
3105381
3105764
3106795
3107756
3108047
3108335
3108587
3111053
3111443
3112320
3112495
3112710
3114128
3114154
3114428
3114466
3114772
3115594
3115724
3116087
3116285
3117191
3117192
3118318
3118409
3118673
3119162
3119209
3119516
3122011
3122741
3123441
3123916
3124126
3124422
3124634
3124752
3124760
3125792
3126222
3127820
3128035
3128896
3129779
3130367
3130433
3131197
3131884
3133881
3134592
3135054
3135471
3135863
3136159
3136177
3136868
3137314
3138356
3139152
3139359
3140090
3140429
3140809
3140845
3140980
3141465
3142702
3143318
3144696
3144963
3145352
3145386
3146889
3148495
3149047
3149794
3149998
3151029
3152639
3152857
3153063
3153599
3153845
3155029
3155403
3157042
3157309
3157860
3157892
3157938
3158130
3159605
3159909
3160438
3160999
3161470
3162274
3162276
3162663
3163603
3164091
3164680
3165032
3165342
3165621
3165838
3166027
3166420
3167121
3167564
3167936
3169154
3169273
3169477
3169496
3169633
3169860
3169936
3169953
3170131
3170196
3170500
3170505
3170511
3172255
3172404
3172902
3174078
3175087
3175624
3175974
3176262
3176265
3176283
3176737
3177034
3177076
3177750
3177821
3177997
3178112
3178334
3179185
3180608
3182419
3183102
3183196
3183483
3183828
3183969
3184433
3185029
3185138
3188114
3188711
3188742
3188813
3189055
3189556
3189641
3191393
3192051
3192233
3192673
3193638
3194113
3194497
3194570
3195310
3195529
3197300
3197307
3198626
3199723
3200076
3201728
3202103
3202435
3202997
3203006
3203400
3204339
3204393
3205263
3205567
3206192
3207470
3209404
3209578
3211304
3211660
3211987
3212510
3213049
3213597
3214808
3215120
3215493
3216039
3216211
3217263
3217311
3217718
3218427
3219076
3219144
3219361
3219503
3221684
3222064
3222125
3222500
3222626
3222709
3222891
3222958
3223793
3226087
3226317
3227078
3227736
3229178
3230469
3231432
3232541
3233339
3233601
3233675
3233728
3235568
3236093
3236951
3236981
3237683
3237918
3240093
3241372
3242368
3242430
3244245
3244379
3244484
3245571
3245610
3246063
3246288
3246517
3247345
3247701
3247724
3247785
3248580
3250732
3251027
3251379
3251646
3252350
3252881
3253570
3255099
3255629
3255663
3256716
3258253
3259015
3259473
3259496
3260681
3261000
3262210
3262212
3262464
3262677
3262709
3263974
3263978
3266983
3267142
3267825
3267978
3268467
3269066
3269455
3269574
3269664
3271019
3271834
3272577
3273129
3274134
3274150
3274588
3276136
3276141
3276223
3277336
3277482
3277668
3277795
3278170
3278526
3280937
3281289
3282099
3282646
3283654
3283778
3283898
3284849
3285077
3285971
3286247
3287732
3287844
3287964
3288716
3289804
3292063
3294320
3294387
3294598
3294772
3295268
3296136
3298134
3298356
3298491
3298500
3299014
3300273
3301349
3301727
3302830
3304061
3305059
3305180
3308090
3308608
3309137
3309317
3312304
3314309
3314338
3315204
3317145
3317827
3318722
3318900
3318997
3319009
3319803
3320370
3321405
3322953
3323059
3323466
3324016
3325450
3325695
3327308
3327465
3327726
3328373
3328678
3329347
3331578
3331904
3332643
3332848
3333296
3334601
3334613
3334692
3335011
3335854
3336219
3336728
3337118
3337789
3337982
3338624
3339861
3339966
3341681
3342000
3343553
3343763
3343805
3345698
3346536
3346797
3346843
3348178
3349116
3349192
3349744
3350162
3350410
3351101
3351155
3351245
3351669
3353825
3356436
3358121
3358196
3359705
3359790
3359904
3360230
3360554
3360779
3362742
3363048
3363342
3363500
3363617
3364731
3365479
3368554
3368907
3369335
3370103
3370256
3370888
3371358
3374042
3375497
3375554
3376034
3377077
3377185
3377360
3377603
3378329
3379168
3380922
3382757
3383527
3383619
3385327
3385715
3388222
3388335
3389953
3390305
3390557
3390790
3390981
3390990
3391125
3391936
3392213
3392464
3392477
3393332
3395238
3396037
3396479
3397058
3397126
3397142
3397309
3397720
3398599
3399226
3401004
3401029
3401393
3401522
3401809
3402149
3402480
3403166
3403410
3403638
3405331
3405606
3406317
3406803
3407605
3407667
3408334
3408579
3409299
3409732
3410512
3411175
3411233
3411628
3412128
3413162
3413932
3414090
3414326
3414368
3414630
3415525
3416202
3416344
3417745
3417982
3418993
3419174
3419600
3419956
3420036
3420129
3420271
3420469
3420798
3421007
3421381
3423742
3424706
3425694
3425838
3426922
3427148
3428759
3429621
3429964
3430197
3430217
3430586
3432492
3434222
3435367
3435630
3435724
3435765
3436026
3436060
3436961
3437404
3438108
3439384
3439486
3439853
3441007
3441045
3442180
3445598
3446168
3446471
3447982
3449326
3450511
3451335
3452068
3452502
3452821
3453751
3458733
3459134
3459861
3461840
3463450
3463873
3463913
3464829
3464985
3465610
3466131
3466225
